3.71386 1.81213 0.776484 1.28455 1.653 0.349702 2.2201 0.669132 1.63973 2.46662 1.61505 1.27194 0.954591 1.37112 1.43907 1.56601 1.36237 1.84572 0.281303 1.32472 1.67674 1.48015 1.42 3.72079 
第0幅图像的最大重投影误差：3.72079像素
第0幅图像的平均重投影误差：1.57979像素
4.22013 0.953392 1.03784 1.18559 0.45599 1.91678 2.10544 0.796038 2.23226 2.59739 0.866945 1.04644 0.980939 1.20817 1.66162 2.06473 0.729312 2.15473 1.78138 1.36699 1.26085 0.756052 1.77874 3.96948 
第1幅图像的最大重投影误差：4.22013像素
第1幅图像的平均重投影误差：1.6303像素
4.56132 2.43034 1.80727 1.74645 2.10031 4.37565 2.62567 1.05342 1.3974 1.86175 1.08111 2.40223 2.08225 0.743713 1.14011 0.668508 0.525494 2.35535 5.04099 2.22897 1.29166 1.73496 2.67266 4.15366 
第2幅图像的最大重投影误差：5.04099像素
第2幅图像的平均重投影误差：2.17005像素
1.50383 0.238341 0.673301 0.536548 0.736826 1.89052 0.650753 0.359557 1.47882 1.92384 0.99339 0.536444 0.427426 0.480111 0.873144 1.50476 1.09921 0.586933 0.454166 0.443523 0.323144 0.168141 0.218344 1.3398 
第3幅图像的最大重投影误差：1.92384像素
第3幅图像的平均重投影误差：0.810037像素
